67.66666666666667
69.33333333333333
36.333333333333336
86.66666666666667
46.666666666666664
52.0
73.0
80.66666666666667
50.0
71.66666666666667
62.0
70.33333333333333
72.33333333333333
65.33333333333333
45.666666666666664
67.66666666666667
62.666666666666664
56.666666666666664
36.333333333333336
51.333333333333336
38.666666666666664
77.0
69.33333333333333
65.0
70.66666666666667
40.333333333333336
49.0
76.66666666666667
79.66666666666667
60.333333333333336
70.0
78.33333333333333
64.33333333333333
55.0
69.0
50.666666666666664
75.0
47.0
67.0
52.666666666666664
68.66666666666667
83.0
30.333333333333332
60.666666666666664
70.0
43.333333333333336
52.666666666666664
85.66666666666667
48.666666666666664
68.66666666666667
63.0
34.333333333333336
49.666666666666664
51.0
71.0
54.666666666666664
70.66666666666667
68.33333333333333
78.66666666666667
76.0
78.66666666666667
82.33333333333333
71.33333333333333
60.666666666666664
63.0
54.333333333333336
65.0
66.33333333333333
54.666666666666664
63.333333333333336
81.33333333333333
72.0
67.66666666666667
52.0
69.33333333333333
53.666666666666664
45.0
84.66666666666667
54.0
64.10126582278481 58.620253164556964 65.18987341772151